1x1 (5,19,0)
1x2 (5,17,0)
4x1 (1,19,0)
4x2 (1,17,0)
1x1 (6,17,1)
2x2 (5,18,1)
1x1 (4,19,1)
2x1 (2,19,1)
2x2 (0,18,1)
6x1 (0,17,1)
1x2 (6,18,2)
6x1 (1,17,2)
6x1 (0,19,2)
1x2 (0,17,2)
1x2 (6,17,3)
6x1 (1,19,3)
1x2 (0,18,3)
6x1 (0,17,3)
1x2 (6,18,4)
4x1 (3,17,4)
1x1 (2,17,4)
6x1 (0,19,4)
2x2 (0,17,4)
2x2 (5,17,5)
4x1 (3,19,5)
1x1 (2,19,5)
1x2 (1,18,5)
4x1 (1,17,5)
1x2 (5,18,6)
4x1 (2,17,6)
4x1 (1,19,6)
1x2 (1,17,6)
1x2 (5,17,7)
2x1 (4,19,7)
2x2 (2,18,7)
1x2 (1,18,7)
4x1 (1,17,7)
1x2 (5,18,8)
1x1 (5,17,8)
2x1 (3,19,8)
2x2 (3,17,8)
1x2 (3,18,9)
2x1 (3,17,9)
1x1 (4,17,10)
1x2 (3,17,10)
1x1 (3,18,11)
2x1 (3,17,11)
1x1 (4,17,12)
1x2 (3,17,12)
1x2 (3,17,13)
2x1 (3,17,14)
1x2 (4,17,15)
2x2 (2,17,15)
2x2 (3,17,16)
1x2 (2,17,16)
1x2 (4,17,17)
2x2 (2,17,17)
