1x1 (16,19,0)
2x6 (15,13,0)
6x2 (9,17,0)
6x2 (9,15,0)
8x1 (8,19,0)
6x2 (3,17,0)
6x2 (3,15,0)
2x6 (1,13,0)
8x1 (0,19,0)
1x4 (0,15,0)
1x4 (16,15,1)
2x2 (15,13,1)
8x1 (9,19,1)
8x1 (8,15,1)
8x1 (1,19,1)
2x2 (1,13,1)
1x4 (0,16,1)
8x1 (0,15,1)
1x4 (16,16,2)
2x2 (15,14,2)
6x2 (9,15,2)
8x1 (8,19,2)
6x2 (3,15,2)
1x1 (2,15,2)
1x2 (1,14,2)
8x1 (0,19,2)
1x4 (0,15,2)
1x1 (16,18,3)
1x4 (16,14,3)
1x1 (15,14,3)
2x1 (14,15,3)
4x1 (11,16,3)
8x1 (9,19,3)
8x1 (3,16,3)
8x1 (1,19,3)
1x1 (1,14,3)
1x4 (0,16,3)
4x1 (0,15,3)
1x4 (16,16,4)
2x2 (15,14,4)
1x2 (14,15,4)
2x1 (12,16,4)
8x1 (8,19,4)
8x1 (4,16,4)
1x2 (3,15,4)
1x1 (2,15,4)
1x2 (1,14,4)
8x1 (0,19,4)
1x4 (0,15,4)
1x1 (16,18,5)
1x4 (16,14,5)
1x2 (15,14,5)
8x1 (9,19,5)
6x2 (9,15,5)
6x2 (3,15,5)
1x1 (2,15,5)
8x1 (1,19,5)
1x1 (1,14,5)
1x4 (0,16,5)
2x1 (0,15,5)
1x4 (16,16,6)
6x2 (11,14,6)
8x1 (9,13,6)
8x1 (8,19,6)
4x2 (7,14,6)
6x2 (1,14,6)
8x1 (1,13,6)
8x1 (0,19,6)
1x4 (0,15,6)
1x1 (16,18,7)
1x2 (16,16,7)
2x4 (15,12,7)
1x4 (14,12,7)
2x4 (12,12,7)
2x4 (10,12,7)
8x1 (9,19,7)
6x2 (4,14,7)
6x2 (4,12,7)
1x4 (3,12,7)
8x1 (1,19,7)
2x4 (1,12,7)
1x4 (0,16,7)
1x1 (0,15,7)
1x8 (16,12,8)
2x4 (14,12,8)
1x1 (13,12,8)
4x1 (9,12,8)
8x1 (8,19,8)
6x1 (8,15,8)
6x2 (8,13,8)
6x2 (2,13,8)
1x2 (1,13,8)
8x1 (1,12,8)
8x1 (0,19,8)
1x1 (0,18,8)
1x2 (0,16,8)
8x1 (0,15,8)
1x1 (16,18,9)
1x2 (16,16,9)
2x4 (15,12,9)
8x1 (9,19,9)
6x2 (9,14,9)
6x2 (9,12,9)
2x2 (7,12,9)
6x2 (3,14,9)
8x1 (1,19,9)
2x2 (1,14,9)
6x2 (1,12,9)
1x1 (0,19,9)
1x4 (0,15,9)
1x1 (16,19,10)
1x4 (16,15,10)
6x1 (10,19,10)
8x1 (8,15,10)
8x1 (2,19,10)
1x1 (1,19,10)
1x4 (0,16,10)
8x1 (0,15,10)
1x1 (16,18,11)
1x2 (16,16,11)
8x1 (9,19,11)
8x1 (9,15,11)
1x1 (8,19,11)
8x1 (1,15,11)
8x1 (0,19,11)
1x4 (0,15,11)
1x4 (16,16,12)
1x1 (16,15,12)
6x1 (10,19,12)
8x1 (8,15,12)
8x1 (2,19,12)
1x1 (1,19,12)
1x4 (0,16,12)
8x1 (0,15,12)
1x2 (16,18,13)
4x2 (12,18,13)
6x2 (11,15,13)
1x2 (10,15,13)
8x1 (9,17,13)
1x1 (8,17,13)
6x2 (6,18,13)
4x2 (6,15,13)
6x2 (0,18,13)
8x1 (0,17,13)
6x2 (0,15,13)
2x4 (16,15,14)
1x4 (15,15,14)
2x4 (13,15,14)
2x4 (11,15,14)
8x1 (10,19,14)
1x1 (10,18,14)
6x2 (5,16,14)
6x1 (5,15,14)
6x2 (4,18,14)
1x2 (4,16,14)
1x1 (4,15,14)
2x4 (2,15,14)
4x1 (0,19,14)
2x4 (0,15,14)
