1x1 (9,17,0)
1x2 (9,15,0)
1x4 (9,6,0)
1x1 (0,17,0)
1x2 (0,15,0)
1x4 (0,6,0)
1x4 (9,15,1)
1x4 (9,6,1)
1x4 (0,15,1)
1x4 (0,6,1)
1x1 (9,18,2)
1x1 (9,15,2)
1x1 (9,9,2)
1x1 (9,6,2)
1x1 (0,18,2)
1x1 (0,15,2)
1x1 (0,9,2)
1x1 (0,6,2)
1x1 (9,18,3)
1x1 (9,15,3)
1x1 (9,9,3)
1x1 (9,6,3)
1x1 (0,18,3)
1x1 (0,15,3)
1x1 (0,9,3)
1x1 (0,6,3)
1x1 (9,18,4)
1x1 (9,15,4)
1x1 (9,9,4)
1x1 (9,6,4)
1x1 (0,18,4)
1x1 (0,15,4)
1x1 (0,9,4)
1x1 (0,6,4)
1x1 (9,18,5)
1x1 (9,15,5)
1x1 (9,9,5)
1x1 (9,6,5)
1x1 (0,18,5)
1x1 (0,15,5)
1x1 (0,9,5)
1x1 (0,6,5)
1x1 (9,18,6)
1x2 (9,14,6)
1x1 (9,9,6)
1x1 (9,6,6)
1x1 (0,18,6)
1x2 (0,14,6)
1x1 (0,9,6)
1x1 (0,6,6)
1x1 (9,18,7)
1x1 (9,9,7)
2x6 (8,10,7)
2x1 (8,6,7)
1x1 (6,6,7)
6x2 (2,14,7)
6x2 (2,12,7)
6x2 (2,10,7)
8x1 (1,16,7)
1x1 (0,18,7)
2x6 (0,10,7)
1x1 (0,9,7)
6x1 (0,6,7)
1x1 (9,18,8)
1x4 (9,12,8)
1x4 (8,13,8)
1x1 (8,12,8)
2x6 (8,6,8)
1x1 (8,5,8)
1x8 (7,9,8)
1x4 (7,5,8)
2x2 (5,11,8)
2x6 (5,5,8)
1x8 (4,5,8)
2x2 (2,11,8)
2x6 (2,5,8)
6x2 (1,15,8)
6x2 (1,13,8)
1x1 (1,12,8)
1x1 (1,5,8)
1x1 (0,18,8)
1x4 (0,12,8)
2x6 (0,6,8)
1x4 (9,6,9)
4x2 (6,17,9)
6x2 (3,8,9)
6x1 (3,7,9)
6x2 (3,5,9)
2x1 (1,9,9)
2x4 (1,5,9)
6x2 (0,17,9)
1x4 (0,6,9)
1x2 (9,17,10)
2x2 (7,17,10)
6x2 (1,17,10)
1x2 (0,17,10)
6x2 (4,17,11)
4x2 (0,17,11)
4x2 (6,17,12)
6x2 (0,17,12)
1x2 (9,18,13)
1x1 (9,17,13)
2x2 (7,17,13)
6x2 (1,17,13)
1x2 (0,18,13)
1x1 (0,17,13)
1x1 (9,19,14)
6x2 (4,17,14)
1x1 (0,19,14)
4x2 (0,17,14)
1x2 (9,18,15)
1x1 (8,17,15)
2x2 (7,18,15)
6x2 (1,18,15)
1x2 (0,18,15)
8x1 (0,17,15)
6x2 (4,18,16)
4x2 (0,18,16)
2x1 (8,19,17)
8x1 (0,19,17)
